[0][1][666][7160.png][271]
[2][1][666][7160.png][271]
[1][1][666][7160.png][271]
[3][1][666][7160.png][271]
[4][1][666][7160.png][271]
[6][1][666][7160.png][271]
[5][1][666][7160.png][271]
[7][1][666][7160.png][271]
[8][1][666][7160.png][271]
[9][1][666][7160.png][271]
[10][1][666][7160.png][271]
[12][1][666][7160.png][271]
[11][1][666][7160.png][271]
[13][1][666][7160.png][271]
[14][1][666][7160.png][271]
[15][1][666][7160.png][271]
[16][1][666][7160.png][271]
[17][1][666][7160.png][271]
[18][1][666][7160.png][271]
[19][1][666][7160.png][271]
[20][1][666][7160.png][271]
[21][1][666][7160.png][271]
[24][1][666][7160.png][271]
[22][1][666][7160.png][271]
[26][1][666][7160.png][271]
[25][1][666][7160.png][271]
[27][1][666][7160.png][271]
[28][1][666][7160.png][271]
[23][1][666][7160.png][271]
[29][1][666][7160.png][271]
[30][1][666][7160.png][271]
[31][1][666][7160.png][271]
[32][1][666][7160.png][271]
[33][1][666][7160.png][271]
[35][1][666][7160.png][271]
[36][1][666][7160.png][271]
[34][1][666][7160.png][271]
[37][1][666][7160.png][271]
[40][1][666][7160.png][271]
[38][1][666][7160.png][271]
[39][1][666][7160.png][271]
[41][1][666][7160.png][271]
[43][1][666][7160.png][271]
[42][1][666][7160.png][271]
[44][1][666][7160.png][271]
[45][1][666][7160.png][271]
[46][1][666][7160.png][271]
[47][1][666][7160.png][271]
[48][1][666][7160.png][271]
[49][1][666][7160.png][271]
